Max weight of knapsack: 30
Total number of items: 20
Benefit by each item: 4 18 14 7 10 3 11 4 1 13 12 8 3 3 8 10 3 10 14 12 
Weight of each item:  2 1 1 3 2 3 5 2 2 2 4 5 1 4 1 3 4 3 2 3 
max benefit = 139

0 => 0 0 0 0 0 0 0 0 0 0 0 0 0 0 0 0 0 0 0 0 0 0 0 0 0 0 0 0 0 0 0 
1 => 0 0 4 4 4 4 4 4 4 4 4 4 4 4 4 4 4 4 4 4 4 4 4 4 4 4 4 4 4 4 4 
2 => 0 18 18 22 22 22 22 22 22 22 22 22 22 22 22 22 22 22 22 22 22 22 22 22 22 22 22 22 22 22 22 
3 => 0 18 32 32 36 36 36 36 36 36 36 36 36 36 36 36 36 36 36 36 36 36 36 36 36 36 36 36 36 36 36 
4 => 0 18 32 32 36 39 39 43 43 43 43 43 43 43 43 43 43 43 43 43 43 43 43 43 43 43 43 43 43 43 43 
5 => 0 18 32 32 42 42 46 49 49 53 53 53 53 53 53 53 53 53 53 53 53 53 53 53 53 53 53 53 53 53 53 
6 => 0 18 32 32 42 42 46 49 49 53 53 53 56 56 56 56 56 56 56 56 56 56 56 56 56 56 56 56 56 56 56 
7 => 0 18 32 32 42 42 46 49 49 53 53 57 60 60 64 64 64 67 67 67 67 67 67 67 67 67 67 67 67 67 67 
8 => 0 18 32 32 42 42 46 49 50 53 53 57 60 61 64 64 68 68 68 71 71 71 71 71 71 71 71 71 71 71 71 
9 => 0 18 32 32 42 42 46 49 50 53 53 57 60 61 64 64 68 68 69 71 71 72 72 72 72 72 72 72 72 72 72 
10 => 0 18 32 32 45 45 55 55 59 62 63 66 66 70 73 74 77 77 81 81 82 84 84 85 85 85 85 85 85 85 85 
11 => 0 18 32 32 45 45 55 55 59 62 67 67 71 74 75 78 78 82 85 86 89 89 93 93 94 96 96 97 97 97 97 
12 => 0 18 32 32 45 45 55 55 59 62 67 67 71 74 75 78 78 82 85 86 89 89 93 93 94 97 97 101 101 102 104 
13 => 0 18 32 35 45 48 55 58 59 62 67 70 71 74 77 78 81 82 85 88 89 92 93 96 96 97 100 101 104 104 105 
14 => 0 18 32 35 45 48 55 58 59 62 67 70 71 74 77 78 81 82 85 88 89 92 93 96 96 97 100 101 104 104 105 
15 => 0 18 32 40 45 53 56 63 66 67 70 75 78 79 82 85 86 89 90 93 96 97 100 101 104 104 105 108 109 112 112 
16 => 0 18 32 40 45 53 56 63 66 67 73 76 78 80 85 88 89 92 95 96 99 100 103 106 107 110 111 114 114 115 118 
17 => 0 18 32 40 45 53 56 63 66 67 73 76 78 80 85 88 89 92 95 96 99 100 103 106 107 110 111 114 114 115 118 
18 => 0 18 32 40 45 53 56 63 66 67 73 76 78 83 86 88 90 95 98 99 102 105 106 109 110 113 116 117 120 121 124 
19 => 0 18 32 40 46 54 59 67 70 77 80 81 87 90 92 97 100 102 104 109 112 113 116 119 120 123 124 127 130 131 134 
20 => 0 18 32 40 46 54 59 67 70 77 80 82 89 92 93 99 102 104 109 112 114 116 121 124 125 128 131 132 135 136 139 
